$ANSIBLE_VAULT;1.1;AES256
33613662613139376638326338386237333832663563366563373938663033393739333336373332
6335323164306364356336663963663263326231613335360a333639613336363731303931653833
61646137316261613437373836653563623562646362633866663662623738316431353837623362
6363376161326334380a343766386362613531356530653630653062656337633666623831393038
37646366366530623730383566323535626530363231393936626464633030313034336162306366
39633134623131356230353733356537396238663133303830666462316664643462653831386139
66643935306134653063356638393036323465383961303337386635376563396136343562323761
62623664663363373432643935306333316235363937346562623730626133373036313761323731
35326630613937346665626233393831656263623539386364373966356638326137653461653564
32386562633763633939336461323362623736323863623038666633373261643363333136323735
63363533333031373366363138663038396261353861653262363136363366383962663434613730
39303032643238613966313434636133396362386664343434346565383731333061353232323730
3561
